TESTING FOR 8-PUZZLE
==========================================================================================
|Puzzle    |                                   | h1s  | h1n  | h2s  | h2n  | h3s  | h3n  |
------------------------------------------------------------------------------------------
|P1        | [[1, 5, 3], [0, 8, 6], [7, 2, 4]] |    21|  5214|    21|  1940|    23|  2381|
------------------------------------------------------------------------------------------
|P2        | [[1, 4, 3], [6, 5, 0], [7, 8, 2]] |    19|  2331|    19|   587|    19|   404|
------------------------------------------------------------------------------------------
|P3        | [[1, 2, 3], [4, 7, 8], [0, 5, 6]] |    16|   499|    16|   384|    18|   383|
------------------------------------------------------------------------------------------
|P4        | [[0, 2, 3], [1, 5, 6], [7, 8, 4]] |    12|    97|    12|    61|    12|    55|
------------------------------------------------------------------------------------------
|P5        | [[0, 2, 6], [4, 1, 5], [7, 8, 3]] |    18|  1203|    18|   578|    18|  1101|
------------------------------------------------------------------------------------------
|P6        | [[1, 2, 3], [4, 8, 0], [7, 6, 5]] |     5|     7|     5|     6|     5|     6|
------------------------------------------------------------------------------------------
|P7        | [[1, 2, 5], [4, 0, 6], [8, 3, 7]] |    18|  1198|    18|   591|    18|   538|
------------------------------------------------------------------------------------------
|P8        | [[4, 2, 3], [6, 0, 5], [7, 8, 1]] |    16|   680|    16|   218|    16|   351|
------------------------------------------------------------------------------------------
|P9        | [[1, 2, 3], [4, 0, 5], [8, 6, 7]] |    14|   225|    14|   148|    14|    62|
------------------------------------------------------------------------------------------
|P10       | [[1, 6, 2], [4, 5, 3], [7, 0, 8]] |     7|    13|     7|    12|     7|    13|
------------------------------------------------------------------------------------------
|P11       | [[1, 2, 6], [4, 0, 8], [7, 5, 3]] |    14|   224|    14|   147|    14|    62|
------------------------------------------------------------------------------------------
|P12       | [[3, 2, 0], [4, 7, 6], [1, 8, 5]] |    22|  6176|    22|  2336|    22|   786|
------------------------------------------------------------------------------------------
|P13       | [[2, 8, 3], [4, 5, 6], [7, 1, 0]] |    14|   236|    14|    89|    14|   159|
------------------------------------------------------------------------------------------
|P14       | [[1, 0, 3], [5, 2, 6], [7, 8, 4]] |    13|   158|    13|    81|    13|    83|
------------------------------------------------------------------------------------------
|P15       | [[6, 2, 3], [4, 1, 0], [7, 8, 5]] |    19|  1834|    19|   577|    19|   464|
------------------------------------------------------------------------------------------
|P16       | [[1, 2, 0], [3, 5, 6], [8, 4, 7]] |    16|   516|    16|   139|    18|   171|
------------------------------------------------------------------------------------------
|P17       | [[1, 2, 3], [8, 4, 6], [7, 5, 0]] |    14|   217|    14|   151|    14|    70|
------------------------------------------------------------------------------------------
|P18       | [[6, 5, 3], [4, 2, 0], [7, 8, 1]] |    21|  4743|    21|  1002|    21|  1987|
------------------------------------------------------------------------------------------
|P19       | [[7, 2, 3], [4, 1, 6], [5, 8, 0]] |    16|   371|    16|   200|    16|   117|
------------------------------------------------------------------------------------------
|P20       | [[1, 3, 6], [4, 5, 0], [7, 8, 2]] |     9|    29|     9|    24|     9|    27|
------------------------------------------------------------------------------------------
|P21       | [[1, 3, 2], [8, 5, 6], [7, 4, 0]] |    24| 15874|    24|  4478|    26|  2892|
------------------------------------------------------------------------------------------
|P22       | [[4, 2, 3], [8, 5, 6], [7, 0, 1]] |    19|  2387|    19|   737|    19|  1009|
------------------------------------------------------------------------------------------
|P23       | [[1, 2, 3], [7, 5, 0], [6, 8, 4]] |    15|   347|    15|   132|    15|    89|
------------------------------------------------------------------------------------------
|P24       | [[1, 2, 5], [7, 3, 6], [4, 8, 0]] |    16|   468|    16|   321|    16|   161|
------------------------------------------------------------------------------------------
|P25       | [[1, 5, 2], [4, 7, 6], [0, 8, 3]] |    20|  3194|    20|  1470|    22|   635|
------------------------------------------------------------------------------------------
|P26       | [[1, 2, 8], [4, 6, 0], [7, 3, 5]] |    13|   151|    13|    49|    13|    57|
------------------------------------------------------------------------------------------
|P27       | [[1, 0, 3], [4, 5, 6], [7, 8, 2]] |    11|    71|    11|    48|    11|    54|
------------------------------------------------------------------------------------------
|P28       | [[1, 2, 4], [6, 0, 5], [7, 8, 3]] |    16|   642|    16|   282|    16|   275|
------------------------------------------------------------------------------------------
|P29       | [[1, 8, 3], [4, 0, 5], [7, 6, 2]] |    12|   120|    12|    45|    12|    31|
------------------------------------------------------------------------------------------
|P30       | [[3, 0, 1], [4, 2, 6], [7, 8, 5]] |    19|  2065|    19|   736|    23|  1007|
------------------------------------------------------------------------------------------
|P31       | [[2, 5, 0], [4, 3, 6], [7, 8, 1]] |    20|  2921|    20|   949|    20|   637|
------------------------------------------------------------------------------------------
|P32       | [[2, 0, 3], [4, 6, 5], [7, 8, 1]] |    19|  2392|    19|   689|    19|   946|
------------------------------------------------------------------------------------------
|P33       | [[0, 5, 3], [4, 2, 6], [7, 8, 1]] |    18|  1187|    18|   507|    18|   383|
------------------------------------------------------------------------------------------
|P34       | [[1, 2, 3], [5, 6, 0], [7, 8, 4]] |    13|   164|    13|    86|    13|    84|
------------------------------------------------------------------------------------------
|P35       | [[1, 8, 5], [4, 3, 6], [7, 2, 0]] |    16|   468|    16|   116|    16|    91|
------------------------------------------------------------------------------------------
|P36       | [[1, 4, 3], [8, 0, 6], [7, 5, 2]] |    18|  1997|    18|   516|    18|   468|
------------------------------------------------------------------------------------------
|P37       | [[1, 2, 3], [0, 8, 6], [7, 4, 5]] |    15|   452|    15|   309|    17|   185|
------------------------------------------------------------------------------------------
|P38       | [[1, 2, 0], [4, 3, 6], [7, 8, 5]] |    16|   466|    16|   293|    16|   124|
------------------------------------------------------------------------------------------
|P39       | [[1, 2, 0], [4, 6, 3], [7, 5, 8]] |     4|     5|     4|     5|     4|     5|
------------------------------------------------------------------------------------------
|P40       | [[6, 2, 3], [4, 1, 5], [7, 8, 0]] |    18|  1016|    18|   386|    18|   333|
------------------------------------------------------------------------------------------
|P41       | [[7, 2, 1], [4, 5, 6], [0, 3, 8]] |    22|  6509|    22|  1479|    22|  1147|
------------------------------------------------------------------------------------------
|P42       | [[1, 0, 2], [4, 5, 6], [8, 7, 3]] |    19|  1894|    19|  1043|    21|   532|
------------------------------------------------------------------------------------------
|P43       | [[2, 1, 3], [4, 5, 8], [7, 0, 6]] |    19|  2239|    19|  1059|    21|   948|
------------------------------------------------------------------------------------------
|P44       | [[2, 3, 0], [4, 5, 6], [1, 8, 7]] |    18|  1055|    18|   545|    20|   495|
------------------------------------------------------------------------------------------
|P45       | [[7, 0, 3], [4, 5, 6], [1, 2, 8]] |    21|  5429|    21|  1363|    23|  1159|
------------------------------------------------------------------------------------------
|P46       | [[1, 3, 2], [4, 5, 8], [7, 0, 6]] |    19|  2158|    19|   925|    19|   449|
------------------------------------------------------------------------------------------
|P47       | [[1, 2, 3], [8, 5, 6], [4, 7, 0]] |     8|    16|     8|    20|     8|    19|
------------------------------------------------------------------------------------------
|P48       | [[2, 3, 0], [4, 5, 6], [7, 1, 8]] |    12|    90|    12|    66|    12|    79|
------------------------------------------------------------------------------------------
|P49       | [[1, 3, 4], [2, 5, 6], [7, 8, 0]] |    18|  1158|    18|   449|    18|   141|
------------------------------------------------------------------------------------------
|P50       | [[1, 2, 3], [8, 6, 5], [7, 4, 0]] |    18|  1184|    18|   467|    18|   194|
------------------------------------------------------------------------------------------
|P51       | [[1, 2, 3], [4, 5, 0], [6, 7, 8]] |    13|   140|    13|    84|    13|    61|
------------------------------------------------------------------------------------------
|P52       | [[3, 2, 0], [1, 5, 6], [7, 4, 8]] |    16|   531|    16|   327|    16|   341|
------------------------------------------------------------------------------------------
|P53       | [[6, 2, 1], [4, 0, 5], [7, 8, 3]] |    18|  1546|    18|   520|    18|   359|
------------------------------------------------------------------------------------------
|P54       | [[1, 2, 0], [4, 3, 5], [6, 8, 7]] |    20|  2904|    20|   925|    20|   609|
------------------------------------------------------------------------------------------
|P55       | [[1, 2, 3], [4, 8, 6], [0, 5, 7]] |    12|    80|    12|    55|    12|    49|
------------------------------------------------------------------------------------------
|P56       | [[1, 5, 3], [4, 2, 6], [8, 0, 7]] |    19|  2030|    19|  1031|    19|  1029|
------------------------------------------------------------------------------------------
|P57       | [[1, 2, 6], [4, 5, 3], [8, 0, 7]] |    21|  4629|    21|  2291|    23|  1029|
------------------------------------------------------------------------------------------
|P58       | [[1, 0, 3], [5, 7, 6], [4, 8, 2]] |    13|   162|    13|    66|    13|    56|
------------------------------------------------------------------------------------------
|P59       | [[5, 2, 0], [1, 3, 6], [7, 8, 4]] |    16|   579|    16|   159|    16|   141|
------------------------------------------------------------------------------------------
|P60       | [[6, 2, 0], [4, 5, 3], [1, 8, 7]] |    22|  8124|    22|  1590|    22|  1337|
------------------------------------------------------------------------------------------
|P61       | [[2, 5, 3], [4, 0, 1], [7, 8, 6]] |    12|   105|    12|    87|    12|    89|
------------------------------------------------------------------------------------------
|P62       | [[7, 2, 6], [4, 5, 1], [0, 8, 3]] |    22|  6262|    22|  1783|    24|  1396|
------------------------------------------------------------------------------------------
|P63       | [[0, 2, 3], [4, 1, 8], [7, 5, 6]] |    18|  1313|    18|   706|    20|   602|
------------------------------------------------------------------------------------------
|P64       | [[2, 1, 3], [4, 5, 0], [7, 6, 8]] |    19|  2159|    19|   839|    19|   473|
------------------------------------------------------------------------------------------
|P65       | [[8, 1, 3], [4, 5, 6], [7, 0, 2]] |    15|   375|    15|   149|    15|   222|
------------------------------------------------------------------------------------------
|P66       | [[1, 2, 3], [7, 5, 6], [8, 0, 4]] |     9|    30|     9|    24|     9|    26|
------------------------------------------------------------------------------------------
|P67       | [[1, 2, 8], [6, 5, 4], [7, 3, 0]] |    22|  5881|    22|  1098|    22|   293|
------------------------------------------------------------------------------------------
|P68       | [[1, 7, 3], [4, 8, 6], [2, 5, 0]] |    22|  6201|    22|  1343|    22|   812|
------------------------------------------------------------------------------------------
|P69       | [[1, 2, 3], [4, 0, 8], [5, 7, 6]] |    14|   243|    14|   250|    16|   225|
------------------------------------------------------------------------------------------
|P70       | [[7, 8, 3], [4, 5, 6], [1, 2, 0]] |    24| 17053|    24|  2647|    28|  2256|
------------------------------------------------------------------------------------------
|P71       | [[1, 2, 3], [5, 8, 6], [7, 0, 4]] |    13|   162|    13|    87|    13|    84|
------------------------------------------------------------------------------------------
|P72       | [[1, 8, 3], [5, 4, 6], [7, 2, 0]] |    24| 15539|    24|  3372|    24|  1201|
------------------------------------------------------------------------------------------
|P73       | [[1, 6, 3], [4, 7, 0], [5, 8, 2]] |    19|  1957|    19|   741|    19|   760|
------------------------------------------------------------------------------------------
|P74       | [[1, 2, 3], [4, 5, 7], [8, 6, 0]] |    12|    75|    12|    52|    12|    32|
------------------------------------------------------------------------------------------
|P75       | [[1, 7, 3], [2, 5, 4], [0, 8, 6]] |    20|  2839|    20|   941|    20|   635|
------------------------------------------------------------------------------------------
|P76       | [[2, 1, 3], [4, 8, 6], [7, 0, 5]] |    17|   879|    17|   363|    17|   588|
------------------------------------------------------------------------------------------
|P77       | [[0, 2, 3], [4, 7, 6], [1, 5, 8]] |    16|   504|    16|   292|    16|   212|
------------------------------------------------------------------------------------------
|P78       | [[1, 3, 2], [6, 5, 0], [7, 8, 4]] |    19|  2302|    19|   892|    19|   985|
------------------------------------------------------------------------------------------
|P79       | [[1, 4, 0], [6, 5, 3], [7, 8, 2]] |    20|  3110|    20|   661|    20|   492|
------------------------------------------------------------------------------------------
|P80       | [[1, 5, 0], [2, 3, 6], [7, 8, 4]] |    16|   591|    16|   166|    16|   159|
------------------------------------------------------------------------------------------
|P81       | [[1, 0, 3], [7, 4, 6], [5, 8, 2]] |    13|   171|    13|    54|    13|    60|
------------------------------------------------------------------------------------------
|P82       | [[1, 4, 3], [8, 5, 6], [0, 7, 2]] |    20|  3754|    20|   880|    20|   797|
------------------------------------------------------------------------------------------
|P83       | [[1, 2, 3], [4, 6, 5], [8, 0, 7]] |    15|   331|    15|   179|    15|    78|
------------------------------------------------------------------------------------------
|P84       | [[1, 6, 3], [4, 5, 0], [2, 8, 7]] |    19|  2338|    19|   885|    23|   754|
------------------------------------------------------------------------------------------
|P85       | [[1, 2, 6], [3, 5, 4], [7, 8, 0]] |    14|   230|    14|   102|    14|   138|
------------------------------------------------------------------------------------------
|P86       | [[0, 4, 2], [1, 5, 6], [7, 8, 3]] |    18|  1381|    18|   443|    18|   681|
------------------------------------------------------------------------------------------
|P87       | [[0, 2, 3], [5, 1, 4], [7, 8, 6]] |    12|    79|    12|    69|    12|    76|
------------------------------------------------------------------------------------------
|P88       | [[5, 2, 3], [1, 7, 6], [0, 8, 4]] |    16|   439|    16|   180|    16|   334|
------------------------------------------------------------------------------------------
|P89       | [[4, 2, 3], [6, 5, 1], [7, 8, 0]] |    14|   228|    14|    86|    14|   160|
------------------------------------------------------------------------------------------
|P90       | [[1, 0, 3], [5, 4, 2], [7, 8, 6]] |    15|   368|    15|   271|    15|   295|
------------------------------------------------------------------------------------------
|P91       | [[4, 2, 3], [1, 5, 6], [8, 7, 0]] |    20|  2834|    20|  1136|    20|   615|
------------------------------------------------------------------------------------------
|P92       | [[7, 2, 3], [4, 8, 6], [0, 1, 5]] |    20|  3072|    20|  1055|    20|   896|
------------------------------------------------------------------------------------------
|P93       | [[2, 1, 6], [4, 5, 3], [7, 8, 0]] |    20|  2839|    20|  1142|    22|   643|
------------------------------------------------------------------------------------------
|P94       | [[1, 2, 3], [4, 8, 6], [5, 7, 0]] |    14|   207|    14|   118|    14|   107|
------------------------------------------------------------------------------------------
|P95       | [[1, 2, 8], [6, 5, 4], [7, 0, 3]] |    21|  4984|    21|  1300|    23|   497|
------------------------------------------------------------------------------------------
|P96       | [[1, 4, 3], [8, 5, 0], [7, 2, 6]] |    17|  1078|    17|   367|    21|   458|
------------------------------------------------------------------------------------------
|P97       | [[1, 2, 6], [4, 5, 0], [7, 3, 8]] |    11|    58|    11|    37|    11|    28|
------------------------------------------------------------------------------------------
|P98       | [[7, 3, 2], [4, 5, 6], [1, 8, 0]] |    24| 14927|    24|  2950|    24|  1334|
------------------------------------------------------------------------------------------
|P99       | [[0, 2, 3], [5, 4, 6], [7, 8, 1]] |    18|  1194|    18|   509|    18|   382|
------------------------------------------------------------------------------------------
|P100      | [[1, 4, 0], [2, 5, 6], [7, 8, 3]] |    24| 16098|    24|  3329|    24|  1068|
------------------------------------------------------------------------------------------

-~ SUMMARY OF AVERAGES ~-
h1 steps:   16.68
h1 nodes:   2290.05
h2 steps:   16.68
h2 nodes:   674.74
h3 steps:   17.16
h3 nodes:   498.03